228.0
216.0
167.0
236.0
256.0
183.0
183.0
191.0
284.0
250.0
231.0
201.0
164.0
185.0
278.0
144.0
240.0
203.0
220.0
197.0
253.0
225.0
191.0
180.0
167.0
181.0
181.0
148.0
236.0
186.0
190.0
139.0
171.0
150.0
113.0
181.0
196.0
159.0
240.0
257.0
141.0
134.0
189.0
114.0
153.0
174.0
132.0
162.0
129.0
211.0
239.0
159.0
159.0
169.0
175.0
155.0
204.0
177.0
269.0
161.0
338.0
100.0
182.0
171.0
166.0
232.0
201.0
299.0
190.0
247.0
273.0
190.0
197.0
184.0
382.0
215.0
256.0
241.0
101.0
309.0
179.0
221.0
142.0
248.0
233.0
220.0
331.0
128.0
214.0
207.0
284.0
233.0
302.0
189.0
287.0
204.0
234.0
253.0
240.0
141.0
202.0
196.0
223.0
216.0
211.0
328.0
256.0
239.0
177.0
255.0
206.0
263.0
255.0
260.0
298.0
127.0
129.0
320.0
216.0
202.0
394.0
211.0
192.0
325.0
140.0
154.0
137.0
197.0
141.0
165.0
430.0
278.0
232.0
196.0
204.0
175.0
268.0
298.0
247.0
165.0
233.0
337.0
241.0
221.0
227.0
197.0
243.0
236.0
248.0
203.0
241.0
242.0
232.0
203.0
172.0
226.0
228.0
192.0
235.0
266.0
171.0
189.0
238.0
273.0
179.0
213.0
200.0
421.0
240.0
235.0
229.0
232.0
206.0
231.0
204.0
215.0
270.0
194.0
150.0
144.0
140.0
241.0
264.0
246.0
246.0
219.0
194.0
213.0
212.0
216.0
272.0
238.0
284.0
157.0
275.0
192.0
203.0
193.0
213.0
221.0
236.0
175.0
269.0
196.0
275.0
158.0
240.0
216.0
191.0
204.0
258.0
213.0
256.0
90.0
322.0
267.0
343.0
209.0
200.0
280.0
218.0
163.0
131.0
268.0
282.0
199.0
205.0
225.0
206.0
232.0
254.0
219.0
333.0
224.0
144.0
277.0
159.0
248.0
136.0
157.0
269.0
201.0
193.0
195.0
217.0
109.0
203.0
249.0
224.0
235.0
270.0
198.0
205.0
301.0
166.0
243.0
211.0
255.0
188.0
171.0
267.0
183.0
215.0
176.0
205.0
280.0
209.0
199.0
205.0
217.0
224.0
251.0
250.0
278.0
213.0
221.0
109.0
175.0
111.0
164.0
212.0
152.0
180.0
213.0
250.0
146.0
194.0
184.0
198.0
240.0
167.0
210.0
275.0
238.0
203.0
247.0
161.0
187.0
172.0
191.0
201.0
220.0
245.0
245.0
181.0
190.0
218.0
223.0
211.0
196.0
222.0
179.0
276.0
223.0
291.0
163.0
240.0
327.0
182.0
188.0
206.0
236.0
240.0
237.0
222.0
139.0
134.0
244.0
262.0
237.0
203.0
190.0
214.0
246.0
200.0
182.0
211.0
252.0
206.0
284.0
176.0
217.0
179.0
176.0
138.0
244.0
200.0
199.0
211.0
230.0
210.0
209.0
194.0
218.0
240.0
278.0
213.0
142.0
213.0
251.0
293.0
254.0
206.0
218.0
274.0
252.0
223.0
228.0
213.0
231.0
264.0
258.0
206.0
272.0
179.0
199.0
198.0
248.0
224.0
182.0
205.0
237.0
240.0
208.0
234.0
230.0
180.0
204.0
195.0
204.0
230.0
182.0
240.0
173.0
153.0
208.0
132.0
198.0
172.0
198.0
169.0
183.0
184.0
217.0
202.0
153.0
283.0
181.0
180.0
225.0
194.0
211.0
241.0
211.0
199.0
176.0
238.0
161.0
211.0
231.0
244.0
194.0
195.0
271.0
208.0
209.0
262.0
180.0
165.0
179.0
216.0
210.0
195.0
105.0
324.0
235.0
206.0
241.0
208.0
199.0
188.0
268.0
186.0
192.0
242.0
213.0
184.0
196.0
188.0
202.0
185.0
252.0
140.0
253.0
219.0
288.0
162.0
251.0
231.0
237.0
181.0
182.0
197.0
211.0
178.0
227.0
200.0
193.0
214.0
176.0
225.0
194.0
224.0
282.0
225.0
269.0
215.0
239.0
274.0
248.0
228.0
201.0
235.0
206.0
198.0
191.0
184.0
189.0
241.0
209.0
235.0
205.0
204.0
199.0
293.0
274.0
276.0
221.0
263.0
179.0